0.33	,-0.01
0.27	,-0.01
0.26	,-0.02
0.25	,-0.02
0.24	,-0.03
0.23	,-0.03
0.22	,-0.04
0.21	,-0.04
0.2	,-0.05
0.19	,-0.05
0.18	,-0.06
0.17	,-0.07
0.16	,-0.08
0.15	,-0.09
0.14	,-0.1
0.13	,-0.11
0.12	,-0.12
0.11	,-0.13
0.11	,-0.14
0.1	,-0.15
0.1	,-0.16
0.09	,-0.17
0.08	,-0.18
0.08	,-0.19
0.07	,-0.2
0.06	,-0.21
0.06	,-0.22
0.05	,-0.23
0.04	,-0.24
0.04	,-0.25
0.03	,-0.26
0.03	,-0.27
0.03	,-0.28
0.02	,-0.29
0.02	,-0.3
0.02	,-0.31
0.01	,-0.32
0.01	,-0.45
0.02	,-0.49
0.03	,-0.52
0.04	,-0.55
0.05	,-0.59
0.06	,-0.62
0.07	,-0.64
0.08	,-0.66
0.09	,-0.68
0.1	,-0.7
0.11	,-0.72
0.12	,-0.74
0.13	,-0.76
0.14	,-0.78
0.15	,-0.8
0.16	,-0.82
0.17	,-0.84
0.18	,-0.86
0.19	,-0.88
0.2	,-0.9
0.21	,-0.91
0.22	,-0.92
0.23	,-0.93
0.24	,-0.94
0.25	,-0.95
0.26	,-0.96
0.27	,-0.97
0.28	,-0.98
0.29	,-0.99
0.3	,-1
0.31	,-1.01
0.32	,-1.01
0.33	,-1.02
0.34	,-1.03
0.35	,-1.04
0.36	,-1.04
0.37	,-1.05
0.38	,-1.06
0.39	,-1.06
0.4	,-1.07
0.41	,-1.08
0.42	,-1.09
0.43	,-1.09
0.54	,-1.16
0.57	,-1.16
0.58	,-1.17
0.61	,-1.17
0.62	,-1.18
0.66	,-1.18
0.67	,-1.17
0.7	,-1.16
0.74	,-1.15
0.77	,-1.12
0.77	,-1.08
0.81	,-1.11
0.84	,-1.12
0.93	,-1.12
0.95	,-1.11
1	,-1.09
1.04	,-1.04
1.04	,-0.94
1.01	,-0.85
0.96	,-0.75
0.9	,-0.61
0.85	,-0.49
0.84	,-0.46
0.84	,-0.33
0.78	,-0.22
0.72	,-0.14
0.62	,-0.06
0.59	,-0.05
0.56	,-0.04
0.53	,-0.03
0.5	,-0.02
0.44	,-0.01
